annotate-colour: orange
created: 20240119020805718
difficulty: 4.8508
due: 20240716120229157
elapsed_days: 45.280197881944446
lapses: 0
last_review: 20240618120229157
modified: 20240618120228136
reps: 2
scheduled_days: 28
stability: 28.194505249342836
state: 2
tags: ?
title: 1g_yzyh
tmap.id: b399eff2-e34e-410c-bde0-2ec044566daa

四个面向：持面向世界<<C 科技前沿>>、面向<<C 经济主战>>场、面向<<C 国家重大需求>>、面向<<C 人民生命健康>>，不断向<<C 科学技术广度和深度>>进军 