annotate-colour: orange
class: journal
created: 20240501014731436
difficulty: 6.711999999999999
due: 20240506005217964
elapsed_days: 0.8072506944444444
lapses: 0
last_review: 20240505005217964
modified: 20240807121630498
reps: 3
scheduled_days: 1
stability: 1.1531935751135385
state: 2
tags: time\act
title: ediary-1st 五月 2024
tmap.id: 4fba9b31-bd12-479f-9950-ba6156648b64


6663756 市监局行政办电话，需问下领导在时，去签下字，再去政务大厅窗口拷贝upan或光盘。

卫健委，朱磊。医政科，刘一凡。
住建局，黄丹青。说是住院了，得等出院后再说。

[[1s_zcjd]]