annotate-colour: green
created: 20240803015211392
difficulty: 4.93
due: 20240818011238348
elapsed_days: 3.4159265277777777
lapses: 0
last_review: 20240808011238348
modified: 20240804151340525
reps: 3
scheduled_days: 10
stability: 10.231760454686327
state: 2
tags: 衣服季节装袋 任务
title: 报纸贴并频率分类
tmo_priority: High
tmo_taskState: New
type: text/vnd.tiddlywiki